# x	              y                  sx             sy

1.647398710440262 99.39364921170494	1.728110599	1.728110599
5.279333129227821 94.25214634790649	1.382488479	2.073732719
8.821844920280084 92.56515591791646	2.073732719	1.728110599
11.951636891015577 87.96136473705488	1.728110599	1.382488479
15.66611527386649 83.8442799220768	1.382488479	1.728110599
16.525948232859754 87.5893060842209	1.728110599	1.036866359
20.377999889149592 81.23649151667247	2.073732719	1.382488479
23.989298316921314 77.62508855561293	1.728110599	1.382488479
27.841349973211152 73.06599077554037	1.382488479	1.728110599
32.174908086537215 68.1429224825918	1.728110599	2.419354839
36.81800606510086 65.04785691128315	2.073732719	2.073732719
41.75688658155819 60.14514715241171	1.728110599	1.728110599
43.089054446025095 62.93746472784909	1.382488479	2.073732719
45.5607875921444 56.27637696473384	1.728110599	1.728110599
49.107885158977965 58.70225501615015	2.073732719	2.073732719
50.873408834777464 56.19033753197009	1.728110599	2.419354839
54.96621371958542 55.226462218273085	1.382488479	2.073732719
56.99437728104105 51.260765851864065	1.728110599	1.728110599
59.74115275186137 50.523919021145275	2.073732719	2.073732719
63.99137320916193 52.1079099212767	1.728110599	2.419354839
68.76939882129068 51.1238134471525	1.382488479	2.073732719
71.79601083694698 55.84401003830406	1.728110599	1.728110599
75.8314935244887 60.61540147212449	2.073732719	1.382488479
78.11062408779354 64.87689869237882	1.728110599	1.036866359
81.20831562805995 69.97667535212113	1.382488479	1.036866359
82.82938736674858 76.16300236548553	1.728110599	1.382488479
84.65911190348625 81.24525401952427	2.073732719	1.728110599
86.10363127459495 85.9419555480842	1.728110599	1.382488479
87.54815064570363 89.42943168309712	1.382488479	1.728110599
88.5111635597761 93.85449562325141	1.036866359	1.382488479
90.79831923069818 98.43290336331216	1.728110599	1.036866359
91.40020230199347 103.71231133151619	1.728110599	1.382488479
92.12246198754781 107.97672938605444	2.073732719	1.728110599
93.32622813013839 113.74537709681681	2.419354839	2.073732719
94.28924104421085 118.49173280820355	2.073732719	1.728110599
95.97451364383765 122.77075503416145	1.728110599	1.382488479
97.90053947198257 126.67006880320842	2.073732719	1.728110599
100.16361982005284 130.96369520058596	1.728110599	2.073732719
102.95635727086298 136.28378621774476	1.382488479	1.728110599
107.28991538418904 139.11282285275152	1.728110599	1.382488479
110.66046058344266 137.27269725387544	1.036866359	1.728110599
111.86422672603322 133.0666958850158	1.382488479	2.073732719
113.42912271140098 128.6416319448614	1.382488479	1.728110599
115.33107321669408 124.21656800470696	1.728110599	1.382488479
117.26397770851095 119.93545946854626	2.419354839	1.728110599
118.84607035305856 114.2273147536653	2.073732719	2.073732719
120.09798714135277 109.46051320229105	1.728110599	1.728110599
121.4141047905851 105.05589510212414	2.073732719	1.382488479
121.97586232379405 100.25112270505878	1.728110599	1.728110599
123.90188815193898 96.41022562169042	2.073732719	2.073732719
126.77240741503957 91.32348037644564	2.419354839	1.728110599
128.7651033680049 85.69660546823405	2.073732719	1.382488479
131.305049928871 80.66692883130607	1.728110599	2.073732719
135.3135911836976 78.65155317539416	2.073732719	1.728110599
140.38254097686084 82.09282702264295	2.419354839	1.382488479
144.18071778481095 85.55370926788177	2.073732719	1.728110599
144.36591257597874 81.80605420203888	1.728110599	2.073732719
147.81670885140505 92.17501590999149	1.382488479	1.728110599
150.08380175328395 94.68693339417155	1.036866359	1.382488479
154.03981503097933 96.24028617244358	1.036866359	1.728110599
156.74062852180984 90.35825698538683	1.382488479	2.073732719
159.77411920113806 85.54472208546967	1.728110599	1.728110599
160.94349202536893 81.05498252902824	1.382488479	1.382488479
162.42240471483734 77.38099026188446	1.728110599	1.728110599
163.3854176289098 73.35023895006064	1.382488479	2.073732719
164.95031361427755 68.7499249528704	1.036866359	1.728110599
165.84110055979457 64.87689869237882	1.382488479	1.382488479
167.189318639496 60.28534719804037	1.728110599	1.728110599
168.56161204204926 55.78142073221984	2.073732719	2.073732719
169.69315221608443 51.24244425499214	1.728110599	1.728110599
171.33027417000758 46.62460525209832	1.382488479	1.382488479
173.0155467696344 43.03197908286404	1.728110599	1.728110599
173.73780645518875 38.98662359962056	2.073732719	2.073732719
175.23582654374587 33.9433164027009	1.728110599	1.728110599
176.26571535462895 30.54541251906197	1.382488479	1.382488479
178.31211779703293 27.128036406863515	1.728110599	1.728110599
179.41958264821625 21.484984570310147	2.073732719	2.073732719
180.96040331073218 17.979983429593773	1.728110599	1.728110599
183.9564434878465 13.516948643748293	1.382488479	1.382488479
187.76168201636892 11.74984390197045	1.728110599	1.036866359
192.89488478155872 8.776851862969949	2.073732719	1.728110599
197.1711206976186 6.9606492877526875	1.728110599	1.728110599
198.1983344726292 4.570433232069746	1.382488479	2.073732719
203.53770607398653 5.655036362835858	1.728110599	1.728110599
205.80613649380163 2.8734285131062336	2.073732719	1.382488479
209.24890766161067 5.966592019788436	1.728110599	1.728110599
214.3448509985774 5.1487584202879475	1.382488479	1.036866359
219.1846082077621 1.9244783416293387	1.728110599	1.382488479
221.40694570177547 -1.612972947010718	1.728110599	1.382488479
222.0690170802003 4.253522712263305	1.728110599	1.728110599
225.0984952057199 2.461590879072048	2.073732719	2.419354839
229.76764872849546 2.0075339131156227	1.728110599	2.073732719
231.598832375709 4.041762226678372	1.382488479	1.728110599
235.10799307016998 0.4900277374190978	1.728110599	2.073732719
240.2819988175957 2.1373782735557825	2.073732719	1.728110599
242.9636193937051 -0.9063557298598823	1.728110599	2.073732719
246.32490485340034 1.70582500810508	1.382488479	2.419354839
248.19934070400572 -2.101169534467658	1.382488479	2.073732719
251.42084819036714 -3.248640146011695	1.382488479	1.728110599
254.64848477560392 -3.542192381298510	1.382488479	1.382488479

